 # Dist	     Refs	   Refs(%)	  Cum_Ref	Cum_Ref(%)
[51490.323271]      0	        0 
[51490.323273]      1	        0 
[51490.323274]      2	        0 
[51490.323275]      3	        0 
[51490.323276]      4	        0 
[51490.323277]      5	        0 
[51490.323278]      6	        0 
[51490.323279]      7	        0 
[51490.323280]      8	        0 
[51490.323281]      9	        0 
[51490.323282]     10	        0 
[51490.323283]     11	        0 
[51490.323285]     12	        0 
[51490.323286]     13	        0 
[51490.323287]     14	        0 
[51490.323288]     15	        0 
[51490.323289]     16	        0 
[51490.323290]     17	        0 
[51490.323291]     18	        0 
[51490.323292]     19	        0 
[51490.323293]     20	        0 
[51490.323294]     21	        0 
[51490.323295]     22	        0 
[51490.323296]     23	        0 
[51490.323297]     24	        0 
[51490.323298]     25	        0 
[51490.323299]     26	        0 
[51490.323300]     27	        0 
[51490.323302]     28	        0 
[51490.323303]     29	        0 
[51490.323304]     30	        0 
[51490.323305]     31	        0 
[51490.323306]     32	        0 
[51490.323307]     33	        0 
[51490.323308]     34	        0 
[51490.323309]     35	        0 
[51490.323310]     36	        0 
[51490.323311]     37	        0 
[51490.323312]     38	        0 
[51490.323313]     39	        0 
[51490.323314]     40	        0 
[51490.323315]     41	        0 
[51490.323316]     42	        0 
[51490.323317]     43	        0 
[51490.323318]     44	        0 
[51490.323319]     45	        0 
[51490.323321]     46	        0 
[51490.323322]     47	        0 
[51490.323323]     48	        0 
[51490.323324]     49	        0 
[51490.323325]     50	        0 
[51490.323326]     51	        0 
[51490.323327]     52	        0 
[51490.323328]     53	        0 
[51490.323329]     54	        0 
[51490.323330]     55	        0 
[51490.323331]     56	        0 
[51490.323332]     57	        0 
[51490.323333]     58	        0 
[51490.323334]     59	        0 
[51490.323335]     60	        0 
[51490.323336]     61	        0 
[51490.323337]     62	        0 
[51490.323339]     63	        0 
[51490.323340]     64	        0 
[51490.323341]     65	        0 
[51490.323342]     66	        0 
[51490.323343]     67	        0 
[51490.323344]     68	        0 
[51490.323345]     69	        0 
[51490.323346]     70	        0 
[51490.323347]     71	        0 
[51490.323348]     72	        0 
[51490.323349]     73	        0 
[51490.323350]     74	        0 
[51490.323351]     75	        0 
[51490.323352]     76	        0 
[51490.323353]     77	        0 
[51490.323355]     78	        0 
[51490.323356]     79	        0 
[51490.323357]     80	        0 
[51490.323358]     81	        0 
[51490.323359]     82	        0 
[51490.323360]     83	        0 
[51490.323361]     84	        0 
[51490.323362]     85	        0 
[51490.323363]     86	        0 
[51490.323364]     87	        0 
[51490.323365]     88	        0 
[51490.323366]     89	        0 
[51490.323367]     90	        0 
[51490.323368]     91	        0 
[51490.323369]     92	        0 
[51490.323370]     93	        0 
[51490.323371]     94	        0 
[51490.323382]     95	        0 
[51490.323383]     96	        0 
[51490.323384]     97	        0 
[51490.323385]     98	        0 
[51490.323386]     99	        0 
[51490.323387]    100	        0 
[51490.323388]    101	        0 
[51490.323389]    102	        0 
[51490.323391]    103	        0 
[51490.323392]    104	        0 
[51490.323393]    105	        1 
[51490.323394]    106	        1 
[51490.323395]    107	        2 
[51490.323396]    108	        2 
[51490.323397]    109	        3 
[51490.323398]    110	        3 
[51490.323399]    111	        4 
[51490.323400]    112	        4 
[51490.323401]    113	        5 
[51490.323402]    114	        5 
[51490.323403]    115	        6 
[51490.323404]    116	        6 
[51490.323405]    117	        7 
[51490.323406]    118	        7 
[51490.323407]    119	        8 
[51490.323409]    120	        8 
[51490.323410]    121	        8 
[51490.323411]    122	        8 
[51490.323412]    123	        8 
[51490.323413]    124	        8 
[51490.323414]    125	        8 
[51490.323415]    126	        8 
[51490.323416]    127	        8 
[51490.323417]    128	        8 
[51490.323418]    129	        8 
[51490.323419]    130	        8 
[51490.323420]    131	        9 
[51490.323421]    132	        9 
[51490.323422]    133	       11 
[51490.323424]    134	       12 
[51490.323425]    135	       13 

